35 15554
35 191
35 116
35 18537
35 2625
35 39754
35 3
35 44451
35 159
35 112
35 55572
35 21532
35 30
35 13304
35 20088
35 27201
35 51417
35 1100
35 30856
35 13440
35 1875
35 1143
35 5111
35 39717
35 29070
35 195
35 2349
35 50281
35 55702
35 5176
35 250
35 31546
35 40
35 7170
35 143
35 214
35 10807
35 17619
35 51519
35 2812
35 49
35 57544
35 20898
35 651
35 50547
35 212
35 1302
35 33135
35 34032
35 21058
35 20153
35 3245
35 36
35 833
35 2896
35 148
35 6991
35 146
35 676
35 1878
35 47742
35 102
35 23181
35 51703
35 44266
35 24817
35 207
35 24000
35 209
35 156
35 11397
35 55484
35 6895
35 10677
35 176
35 8506
35 405
35 719
35 43319
35 210
35 108
35 44
35 20220
35 36845
35 1093
35 6365
35 27
35 38031
35 55162
35 28143
35 3565
35 163
35 1076
35 28923
35 15663
35 634
35 42406
35 446
35 34250
15554 191
15554 116
15554 18537
15554 2625
15554 39754
15554 3
15554 44451
15554 159
15554 112
15554 55572
15554 21532
15554 30
15554 13304
15554 20088
15554 27201
15554 51417
15554 1100
15554 30856
15554 13440
15554 1875
15554 1143
15554 5111
15554 39717
15554 29070
15554 195
15554 2349
15554 50281
15554 55702
15554 5176
15554 250
15554 31546
15554 40
15554 7170
15554 143
15554 214
15554 10807
15554 17619
15554 51519
15554 2812
15554 49
15554 57544
15554 20898
15554 651
15554 50547
15554 212
15554 1302
15554 33135
15554 34032
15554 21058
15554 20153
15554 3245
15554 36
15554 833
15554 2896
15554 148
15554 6991
15554 146
15554 676
15554 1878
15554 47742
15554 102
15554 23181
15554 51703
15554 44266
15554 24817
15554 207
15554 24000
15554 209
15554 156
15554 11397
15554 55484
15554 6895
15554 10677
15554 176
15554 8506
15554 405
15554 719
15554 43319
15554 210
15554 108
15554 44
15554 20220
15554 36845
15554 1093
15554 6365
15554 27
15554 38031
15554 55162
15554 28143
15554 3565
15554 163
15554 1076
15554 28923
15554 15663
15554 634
15554 42406
15554 446
15554 34250
191 116
191 18537
191 2625
191 39754
191 3
191 44451
191 159
191 112
191 55572
191 21532
191 30
191 13304
191 20088
191 27201
191 51417
191 1100
191 30856
191 13440
191 1875
191 1143
191 5111
191 39717
191 29070
191 195
191 2349
191 50281
191 55702
191 5176
191 250
191 31546
191 40
191 7170
191 143
191 214
191 10807
191 17619
191 51519
191 2812
191 49
191 57544
191 20898
191 651
191 50547
191 212
191 1302
191 33135
191 34032
191 21058
191 20153
191 3245
191 36
191 833
191 2896
191 148
191 6991
191 146
191 676
191 1878
191 47742
191 102
191 23181
191 51703
191 44266
191 24817
191 207
191 24000
191 209
191 156
191 11397
191 55484
191 6895
191 10677
191 176
191 8506
191 405
191 719
191 43319
191 210
191 108
191 44
191 20220
191 36845
191 1093
191 6365
191 27
191 38031
191 55162
191 28143
191 3565
191 163
191 1076
191 28923
191 15663
191 634
191 42406
191 446
191 34250
116 18537
116 2625
116 39754
116 3
116 44451
116 159
116 112
116 55572
116 21532
116 30
116 13304
116 20088
116 27201
116 51417
116 1100
116 30856
116 13440
116 1875
116 1143
116 5111
116 39717
116 29070
116 195
116 2349
116 50281
116 55702
116 5176
116 250
116 31546
116 40
116 7170
116 143
116 214
116 10807
116 17619
116 51519
116 2812
116 49
116 57544
116 20898
116 651
116 50547
116 212
116 1302
116 33135
116 34032
116 21058
116 20153
116 3245
116 36
116 833
116 2896
116 148
116 6991
116 146
116 676
116 1878
116 47742
116 102
116 23181
116 51703
116 44266
116 24817
116 207
116 24000
116 209
116 156
116 11397
116 55484
116 6895
116 10677
116 176
116 8506
116 405
116 719
116 43319
116 210
116 108
116 44
116 20220
116 36845
116 1093
116 6365
116 27
116 38031
116 55162
116 28143
116 3565
116 163
116 1076
116 28923
116 15663
116 634
116 42406
116 446
116 34250
18537 2625
18537 39754
18537 3
18537 44451
18537 159
18537 112
18537 55572
18537 21532
18537 30
18537 13304
18537 20088
18537 27201
18537 51417
18537 1100
18537 30856
18537 13440
18537 1875
18537 1143
18537 5111
18537 39717
18537 29070
18537 195
18537 2349
18537 50281
18537 55702
18537 5176
18537 250
18537 31546
18537 40
18537 7170
18537 143
18537 214
18537 10807
18537 17619
18537 51519
18537 2812
18537 49
18537 57544
18537 20898
18537 651
18537 50547
18537 212
18537 1302
18537 33135
18537 34032
18537 21058
18537 20153
18537 3245
18537 36
18537 833
18537 2896
18537 148
18537 6991
18537 146
18537 676
18537 1878
18537 47742
18537 102
18537 23181
18537 51703
18537 44266
18537 24817
18537 207
18537 24000
18537 209
18537 156
18537 11397
18537 55484
18537 6895
18537 10677
18537 176
18537 8506
18537 405
18537 719
18537 43319
18537 210
18537 108
18537 44
18537 20220
18537 36845
18537 1093
18537 6365
18537 27
18537 38031
18537 55162
18537 28143
18537 3565
18537 163
18537 1076
18537 28923
18537 15663
18537 634
18537 42406
18537 446
18537 34250
2625 39754
2625 3
2625 44451
2625 159
2625 112
2625 55572
2625 21532
2625 30
2625 13304
2625 20088
2625 27201
2625 51417
2625 1100
2625 30856
2625 13440
2625 1875
2625 1143
2625 5111
2625 39717
2625 29070
2625 195
2625 2349
2625 50281
2625 55702
2625 5176
2625 250
2625 31546
2625 40
2625 7170
2625 143
2625 214
2625 10807
2625 17619
2625 51519
2625 2812
2625 49
2625 57544
2625 20898
2625 651
2625 50547
2625 212
2625 1302
2625 33135
2625 34032
2625 21058
2625 20153
2625 3245
2625 36
2625 833
2625 2896
2625 148
2625 6991
2625 146
2625 676
2625 1878
2625 47742
2625 102
2625 23181
2625 51703
2625 44266
2625 24817
2625 207
2625 24000
2625 209
2625 156
2625 11397
2625 55484
2625 6895
2625 10677
2625 176
2625 8506
2625 405
2625 719
2625 43319
2625 210
2625 108
2625 44
2625 20220
2625 36845
2625 1093
2625 6365
2625 27
2625 38031
2625 55162
2625 28143
2625 3565
2625 163
2625 1076
2625 28923
2625 15663
2625 634
2625 42406
2625 446
2625 34250
39754 3
39754 44451
39754 159
39754 112
39754 55572
39754 21532
39754 30
39754 13304
39754 20088
39754 27201
39754 51417
39754 1100
39754 30856
39754 13440
39754 1875
39754 1143
39754 5111
39754 39717
39754 29070
39754 195
39754 2349
39754 50281
39754 55702
39754 5176
39754 250
39754 31546
39754 40
39754 7170
39754 143
39754 214
39754 10807
39754 17619
39754 51519
39754 2812
39754 49
39754 57544
39754 20898
39754 651
39754 50547
39754 212
39754 1302
39754 33135
39754 34032
39754 21058
39754 20153
39754 3245
39754 36
39754 833
39754 2896
39754 148
39754 6991
39754 146
39754 676
39754 1878
39754 47742
39754 102
39754 23181
39754 51703
39754 44266
39754 24817
39754 207
39754 24000
39754 209
39754 156
39754 11397
39754 55484
39754 6895
39754 10677
39754 176
39754 8506
39754 405
39754 719
39754 43319
39754 210
39754 108
39754 44
39754 20220
39754 36845
39754 1093
39754 6365
39754 27
39754 38031
39754 55162
39754 28143
39754 3565
39754 163
39754 1076
39754 28923
39754 15663
39754 634
39754 42406
39754 446
39754 34250
3 44451
3 159
3 112
3 55572
3 21532
3 30
3 13304
3 20088
3 27201
3 51417
3 1100
3 30856
3 13440
3 1875
3 1143
3 5111
3 39717
3 29070
3 195
3 2349
3 50281
3 55702
3 5176
3 250
3 31546
3 40
3 7170
3 143
3 214
3 10807
3 17619
3 51519
3 2812
3 49
3 57544
3 20898
3 651
3 50547
3 212
3 1302
3 33135
3 34032
3 21058
3 20153
3 3245
3 36
3 833
3 2896
3 148
3 6991
3 146
3 676
3 1878
3 47742
3 102
3 23181
3 51703
3 44266
3 24817
3 207
3 24000
3 209
3 156
3 11397
3 55484
3 6895
3 10677
3 176
3 8506
3 405
3 719
3 43319
3 210
3 108
3 44
3 20220
3 36845
3 1093
3 6365
3 27
3 38031
3 55162
3 28143
3 3565
3 163
3 1076
3 28923
3 15663
3 634
3 42406
3 446
3 34250
44451 159
44451 112
44451 55572
44451 21532
44451 30
44451 13304
44451 20088
44451 27201
44451 51417
44451 1100
44451 30856
44451 13440
44451 1875
44451 1143
44451 5111
44451 39717
44451 29070
44451 195
44451 2349
44451 50281
44451 55702
44451 5176
44451 250
44451 31546
44451 40
44451 7170
44451 143
44451 214
44451 10807
44451 17619
44451 51519
44451 2812
44451 49
44451 57544
44451 20898
44451 651
44451 50547
44451 212
44451 1302
44451 33135
44451 34032
44451 21058
44451 20153
44451 3245
44451 36
44451 833
44451 2896
44451 148
44451 6991
44451 146
44451 676
44451 1878
44451 47742
44451 102
44451 23181
44451 51703
44451 44266
44451 24817
44451 207
44451 24000
44451 209
44451 156
44451 11397
44451 55484
44451 6895
44451 10677
44451 176
44451 8506
44451 405
44451 719
44451 43319
44451 210
44451 108
44451 44
44451 20220
44451 36845
44451 1093
44451 6365
44451 27
44451 38031
44451 55162
44451 28143
44451 3565
44451 163
44451 1076
44451 28923
44451 15663
44451 634
44451 42406
44451 446
44451 34250
159 112
159 55572
159 21532
159 30
159 13304
159 20088
159 27201
159 51417
159 1100
159 30856
159 13440
159 1875
159 1143
159 5111
159 39717
159 29070
159 195
159 2349
159 50281
159 55702
159 5176
159 250
159 31546
159 40
159 7170
159 143
159 214
159 10807
159 17619
159 51519
159 2812
159 49
159 57544
159 20898
159 651
159 50547
159 212
159 1302
159 33135
159 34032
159 21058
159 20153
159 3245
159 36
159 833
159 2896
159 148
159 6991
159 146
159 676
159 1878
159 47742
159 102
159 23181
159 51703
159 44266
159 24817
159 207
159 24000
159 209
159 156
159 11397
159 55484
159 6895
159 10677
159 176
159 8506
159 405
159 719
159 43319
159 210
159 108
159 44
159 20220
159 36845
159 1093
159 6365
159 27
159 38031
159 55162
159 28143
159 3565
159 163
159 1076
159 28923
159 15663
159 634
159 42406
159 446
159 34250
112 55572
112 21532
112 30
112 13304
112 20088
112 27201
112 51417
112 1100
112 30856
112 13440
112 1875
112 1143
112 5111
112 39717
112 29070
112 195
112 2349
112 50281
112 55702
112 5176
112 250
112 31546
112 40
112 7170
112 143
112 214
112 10807
112 17619
112 51519
112 2812
112 49
112 57544
112 20898
112 651
112 50547
112 212
112 1302
112 33135
112 34032
112 21058
112 20153
112 3245
112 36
112 833
112 2896
112 148
112 6991
112 146
112 676
112 1878
112 47742
112 102
112 23181
112 51703
112 44266
112 24817
112 207
112 24000
112 209
112 156
112 11397
112 55484
112 6895
112 10677
112 176
112 8506
112 405
112 719
112 43319
112 210
112 108
112 44
112 20220
112 36845
112 1093
112 6365
112 27
112 38031
112 55162
112 28143
112 3565
112 163
112 1076
112 28923
112 15663
112 634
112 42406
112 446
112 34250
55572 21532
55572 30
55572 13304
55572 20088
55572 27201
55572 51417
55572 1100
55572 30856
55572 13440
55572 1875
55572 1143
55572 5111
55572 39717
55572 29070
55572 195
55572 2349
55572 50281
55572 55702
55572 5176
55572 250
55572 31546
55572 40
55572 7170
55572 143
55572 214
55572 10807
55572 17619
55572 51519
55572 2812
55572 49
55572 57544
55572 20898
55572 651
55572 50547
55572 212
55572 1302
55572 33135
55572 34032
55572 21058
55572 20153
55572 3245
55572 36
55572 833
55572 2896
55572 148
55572 6991
55572 146
55572 676
55572 1878
55572 47742
55572 102
55572 23181
55572 51703
55572 44266
55572 24817
55572 207
55572 24000
55572 209
55572 156
55572 11397
55572 55484
55572 6895
55572 10677
55572 176
55572 8506
55572 405
55572 719
55572 43319
55572 210
55572 108
55572 44
55572 20220
55572 36845
55572 1093
55572 6365
55572 27
55572 38031
55572 55162
55572 28143
55572 3565
55572 163
55572 1076
55572 28923
55572 15663
55572 634
55572 42406
55572 446
55572 34250
21532 30
21532 13304
21532 20088
21532 27201
21532 51417
21532 1100
21532 30856
21532 13440
21532 1875
21532 1143
21532 5111
21532 39717
21532 29070
21532 195
21532 2349
21532 50281
21532 55702
21532 5176
21532 250
21532 31546
21532 40
21532 7170
21532 143
21532 214
21532 10807
21532 17619
21532 51519
21532 2812
21532 49
21532 57544
21532 20898
21532 651
21532 50547
21532 212
21532 1302
21532 33135
21532 34032
21532 21058
21532 20153
21532 3245
21532 36
21532 833
21532 2896
21532 148
21532 6991
21532 146
21532 676
21532 1878
21532 47742
21532 102
21532 23181
21532 51703
21532 44266
21532 24817
21532 207
21532 24000
21532 209
21532 156
21532 11397
21532 55484
21532 6895
21532 10677
21532 176
21532 8506
21532 405
21532 719
21532 43319
21532 210
21532 108
21532 44
21532 20220
21532 36845
21532 1093
21532 6365
21532 27
21532 38031
21532 55162
21532 28143
21532 3565
21532 163
21532 1076
21532 28923
21532 15663
21532 634
21532 42406
21532 446
21532 34250
30 13304
30 20088
30 27201
30 51417
30 1100
30 30856
30 13440
30 1875
30 1143
30 5111
30 39717
30 29070
30 195
30 2349
30 50281
30 55702
30 5176
30 250
30 31546
30 40
30 7170
30 143
30 214
30 10807
30 17619
30 51519
30 2812
30 49
30 57544
30 20898
30 651
30 50547
30 212
30 1302
30 33135
30 34032
30 21058
30 20153
30 3245
30 36
30 833
30 2896
30 148
30 6991
30 146
30 676
30 1878
30 47742
30 102
30 23181
30 51703
30 44266
30 24817
30 207
30 24000
30 209
30 156
30 11397
30 55484
30 6895
30 10677
30 176
30 8506
30 405
30 719
30 43319
30 210
30 108
30 44
30 20220
30 36845
30 1093
30 6365
30 27
30 38031
30 55162
30 28143
30 3565
30 163
30 1076
30 28923
30 15663
30 634
30 42406
30 446
30 34250
13304 20088
13304 27201
13304 51417
13304 1100
13304 30856
13304 13440
13304 1875
13304 1143
13304 5111
13304 39717
13304 29070
13304 195
13304 2349
13304 50281
13304 55702
13304 5176
13304 250
13304 31546
13304 40
13304 7170
13304 143
13304 214
13304 10807
13304 17619
13304 51519
13304 2812
13304 49
13304 57544
13304 20898
13304 651
13304 50547
13304 212
13304 1302
13304 33135
13304 34032
13304 21058
13304 20153
13304 3245
13304 36
13304 833
13304 2896
13304 148
13304 6991
13304 146
13304 676
13304 1878
13304 47742
13304 102
13304 23181
13304 51703
13304 44266
13304 24817
13304 207
13304 24000
13304 209
13304 156
13304 11397
13304 55484
13304 6895
13304 10677
13304 176
13304 8506
13304 405
13304 719
13304 43319
13304 210
13304 108
13304 44
13304 20220
13304 36845
13304 1093
13304 6365
13304 27
13304 38031
13304 55162
13304 28143
13304 3565
13304 163
13304 1076
13304 28923
13304 15663
13304 634
13304 42406
13304 446
13304 34250
20088 27201
20088 51417
20088 1100
20088 30856
20088 13440
20088 1875
20088 1143
20088 5111
20088 39717
20088 29070
20088 195
20088 2349
20088 50281
20088 55702
20088 5176
20088 250
20088 31546
20088 40
20088 7170
20088 143
20088 214
20088 10807
20088 17619
20088 51519
20088 2812
20088 49
20088 57544
20088 20898
20088 651
20088 50547
20088 212
20088 1302
20088 33135
20088 34032
20088 21058
20088 20153
20088 3245
20088 36
20088 833
20088 2896
20088 148
20088 6991
20088 146
20088 676
20088 1878
20088 47742
20088 102
20088 23181
20088 51703
20088 44266
20088 24817
20088 207
20088 24000
20088 209
20088 156
20088 11397
20088 55484
20088 6895
20088 10677
20088 176
20088 8506
20088 405
20088 719
20088 43319
20088 210
20088 108
20088 44
20088 20220
20088 36845
20088 1093
20088 6365
20088 27
20088 38031
20088 55162
20088 28143
20088 3565
20088 163
20088 1076
20088 28923
20088 15663
20088 634
20088 42406
20088 446
20088 34250
27201 51417
27201 1100
27201 30856
27201 13440
27201 1875
27201 1143
27201 5111
27201 39717
27201 29070
27201 195
27201 2349
27201 50281
27201 55702
27201 5176
27201 250
27201 31546
27201 40
27201 7170
27201 143
27201 214
27201 10807
27201 17619
27201 51519
27201 2812
27201 49
27201 57544
27201 20898
27201 651
27201 50547
27201 212
27201 1302
27201 33135
27201 34032
27201 21058
27201 20153
27201 3245
27201 36
27201 833
27201 2896
27201 148
27201 6991
27201 146
27201 676
27201 1878
27201 47742
27201 102
27201 23181
27201 51703
27201 44266
27201 24817
27201 207
27201 24000
27201 209
27201 156
27201 11397
27201 55484
27201 6895
27201 10677
27201 176
27201 8506
27201 405
27201 719
27201 43319
27201 210
27201 108
27201 44
27201 20220
27201 36845
27201 1093
27201 6365
27201 27
27201 38031
27201 55162
27201 28143
27201 3565
27201 163
27201 1076
27201 28923
27201 15663
27201 634
27201 42406
27201 446
27201 34250
51417 1100
51417 30856
51417 13440
51417 1875
51417 1143
51417 5111
51417 39717
51417 29070
51417 195
51417 2349
51417 50281
51417 55702
51417 5176
51417 250
51417 31546
51417 40
51417 7170
51417 143
51417 214
51417 10807
51417 17619
51417 51519
51417 2812
51417 49
51417 57544
51417 20898
51417 651
51417 50547
51417 212
51417 1302
51417 33135
51417 34032
51417 21058
51417 20153
51417 3245
51417 36
51417 833
51417 2896
51417 148
51417 6991
51417 146
51417 676
51417 1878
51417 47742
51417 102
51417 23181
51417 51703
51417 44266
51417 24817
51417 207
51417 24000
51417 209
51417 156
51417 11397
51417 55484
51417 6895
51417 10677
51417 176
51417 8506
51417 405
51417 719
51417 43319
51417 210
51417 108
51417 44
51417 20220
51417 36845
51417 1093
51417 6365
51417 27
51417 38031
51417 55162
51417 28143
51417 3565
51417 163
51417 1076
51417 28923
51417 15663
51417 634
51417 42406
51417 446
51417 34250
1100 30856
1100 13440
1100 1875
1100 1143
1100 5111
1100 39717
1100 29070
1100 195
1100 2349
1100 50281
1100 55702
1100 5176
1100 250
1100 31546
1100 40
1100 7170
1100 143
1100 214
1100 10807
1100 17619
1100 51519
1100 2812
1100 49
1100 57544
1100 20898
1100 651
1100 50547
1100 212
1100 1302
1100 33135
1100 34032
1100 21058
1100 20153
1100 3245
1100 36
1100 833
1100 2896
1100 148
1100 6991
1100 146
1100 676
1100 1878
1100 47742
1100 102
1100 23181
1100 51703
1100 44266
1100 24817
1100 207
1100 24000
1100 209
1100 156
1100 11397
1100 55484
1100 6895
1100 10677
1100 176
1100 8506
1100 405
1100 719
1100 43319
1100 210
1100 108
1100 44
1100 20220
1100 36845
1100 1093
1100 6365
1100 27
1100 38031
1100 55162
1100 28143
1100 3565
1100 163
1100 1076
1100 28923
1100 15663
1100 634
1100 42406
1100 446
1100 34250
30856 13440
30856 1875
30856 1143
30856 5111
30856 39717
30856 29070
30856 195
30856 2349
30856 50281
30856 55702
30856 5176
30856 250
30856 31546
30856 40
30856 7170
30856 143
30856 214
30856 10807
30856 17619
30856 51519
30856 2812
30856 49
30856 57544
30856 20898
30856 651
30856 50547
30856 212
30856 1302
30856 33135
30856 34032
30856 21058
30856 20153
30856 3245
30856 36
30856 833
30856 2896
30856 148
30856 6991
30856 146
30856 676
30856 1878
30856 47742
30856 102
30856 23181
30856 51703
30856 44266
30856 24817
30856 207
30856 24000
30856 209
30856 156
30856 11397
30856 55484
30856 6895
30856 10677
30856 176
30856 8506
30856 405
30856 719
30856 43319
30856 210
30856 108
30856 44
30856 20220
30856 36845
30856 1093
30856 6365
30856 27
30856 38031
30856 55162
30856 28143
30856 3565
30856 163
30856 1076
30856 28923
30856 15663
30856 634
30856 42406
30856 446
30856 34250
13440 1875
13440 1143
13440 5111
13440 39717
13440 29070
13440 195
13440 2349
13440 50281
13440 55702
13440 5176
13440 250
13440 31546
13440 40
13440 7170
13440 143
13440 214
13440 10807
13440 17619
13440 51519
13440 2812
13440 49
13440 57544
13440 20898
13440 651
13440 50547
13440 212
13440 1302
13440 33135
13440 34032
13440 21058
13440 20153
13440 3245
13440 36
13440 833
13440 2896
13440 148
13440 6991
13440 146
13440 676
13440 1878
13440 47742
13440 102
13440 23181
13440 51703
13440 44266
13440 24817
13440 207
13440 24000
13440 209
13440 156
13440 11397
13440 55484
13440 6895
13440 10677
13440 176
13440 8506
13440 405
13440 719
13440 43319
13440 210
13440 108
13440 44
13440 20220
13440 36845
13440 1093
13440 6365
13440 27
13440 38031
13440 55162
13440 28143
13440 3565
13440 163
13440 1076
13440 28923
13440 15663
13440 634
13440 42406
13440 446
13440 34250
1875 1143
1875 5111
1875 39717
1875 29070
1875 195
1875 2349
1875 50281
1875 55702
1875 5176
1875 250
1875 31546
1875 40
1875 7170
1875 143
1875 214
1875 10807
1875 17619
1875 51519
1875 2812
1875 49
1875 57544
1875 20898
1875 651
1875 50547
1875 212
1875 1302
1875 33135
1875 34032
1875 21058
1875 20153
1875 3245
1875 36
1875 833
1875 2896
1875 148
1875 6991
1875 146
1875 676
1875 1878
1875 47742
1875 102
1875 23181
1875 51703
1875 44266
1875 24817
1875 207
1875 24000
1875 209
1875 156
1875 11397
1875 55484
1875 6895
1875 10677
1875 176
1875 8506
1875 405
1875 719
1875 43319
1875 210
1875 108
1875 44
1875 20220
1875 36845
1875 1093
1875 6365
1875 27
1875 38031
1875 55162
1875 28143
1875 3565
1875 163
1875 1076
1875 28923
1875 15663
1875 634
1875 42406
1875 446
1875 34250
1143 5111
1143 39717
1143 29070
1143 195
1143 2349
1143 50281
1143 55702
1143 5176
1143 250
1143 31546
1143 40
1143 7170
1143 143
1143 214
1143 10807
1143 17619
1143 51519
1143 2812
1143 49
1143 57544
1143 20898
1143 651
1143 50547
1143 212
1143 1302
1143 33135
1143 34032
1143 21058
1143 20153
1143 3245
1143 36
1143 833
1143 2896
1143 148
1143 6991
1143 146
1143 676
1143 1878
1143 47742
1143 102
1143 23181
1143 51703
1143 44266
1143 24817
1143 207
1143 24000
1143 209
1143 156
1143 11397
1143 55484
1143 6895
1143 10677
1143 176
1143 8506
1143 405
1143 719
1143 43319
1143 210
1143 108
1143 44
1143 20220
1143 36845
1143 1093
1143 6365
1143 27
1143 38031
1143 55162
1143 28143
1143 3565
1143 163
1143 1076
1143 28923
1143 15663
1143 634
1143 42406
1143 446
1143 34250
5111 39717
5111 29070
5111 195
5111 2349
5111 50281
5111 55702
5111 5176
5111 250
5111 31546
5111 40
5111 7170
5111 143
5111 214
5111 10807
5111 17619
5111 51519
5111 2812
5111 49
5111 57544
5111 20898
5111 651
5111 50547
5111 212
5111 1302
5111 33135
5111 34032
5111 21058
5111 20153
5111 3245
5111 36
5111 833
5111 2896
5111 148
5111 6991
5111 146
5111 676
5111 1878
5111 47742
5111 102
5111 23181
5111 51703
5111 44266
5111 24817
5111 207
5111 24000
5111 209
5111 156
5111 11397
5111 55484
5111 6895
5111 10677
5111 176
5111 8506
5111 405
5111 719
5111 43319
5111 210
5111 108
5111 44
5111 20220
5111 36845
5111 1093
5111 6365
5111 27
5111 38031
5111 55162
5111 28143
5111 3565
5111 163
5111 1076
5111 28923
5111 15663
5111 634
5111 42406
5111 446
5111 34250
39717 29070
39717 195
39717 2349
39717 50281
39717 55702
39717 5176
39717 250
39717 31546
39717 40
39717 7170
39717 143
39717 214
39717 10807
39717 17619
39717 51519
39717 2812
39717 49
39717 57544
39717 20898
39717 651
39717 50547
39717 212
39717 1302
39717 33135
39717 34032
39717 21058
39717 20153
39717 3245
39717 36
39717 833
39717 2896
39717 148
39717 6991
39717 146
39717 676
39717 1878
39717 47742
39717 102
39717 23181
39717 51703
39717 44266
39717 24817
39717 207
39717 24000
39717 209
39717 156
39717 11397
39717 55484
39717 6895
39717 10677
39717 176
39717 8506
39717 405
39717 719
39717 43319
39717 210
39717 108
39717 44
39717 20220
39717 36845
39717 1093
39717 6365
39717 27
39717 38031
39717 55162
39717 28143
39717 3565
39717 163
39717 1076
39717 28923
39717 15663
39717 634
39717 42406
39717 446
39717 34250
29070 195
29070 2349
29070 50281
29070 55702
29070 5176
29070 250
29070 31546
29070 40
29070 7170
29070 143
29070 214
29070 10807
29070 17619
29070 51519
29070 2812
29070 49
29070 57544
29070 20898
29070 651
29070 50547
29070 212
29070 1302
29070 33135
29070 34032
29070 21058
29070 20153
29070 3245
29070 36
29070 833
29070 2896
29070 148
29070 6991
29070 146
29070 676
29070 1878
29070 47742
29070 102
29070 23181
29070 51703
29070 44266
29070 24817
29070 207
29070 24000
29070 209
29070 156
29070 11397
29070 55484
29070 6895
29070 10677
29070 176
29070 8506
29070 405
29070 719
29070 43319
29070 210
29070 108
29070 44
29070 20220
29070 36845
29070 1093
29070 6365
29070 27
29070 38031
29070 55162
29070 28143
29070 3565
29070 163
29070 1076
29070 28923
29070 15663
29070 634
29070 42406
29070 446
29070 34250
195 2349
195 50281
195 55702
195 5176
195 250
195 31546
195 40
195 7170
195 143
195 214
195 10807
195 17619
195 51519
195 2812
195 49
195 57544
195 20898
195 651
195 50547
195 212
195 1302
195 33135
195 34032
195 21058
195 20153
195 3245
195 36
195 833
195 2896
195 148
195 6991
195 146
195 676
195 1878
195 47742
195 102
195 23181
195 51703
195 44266
195 24817
195 207
195 24000
195 209
195 156
195 11397
195 55484
195 6895
195 10677
195 176
195 8506
195 405
195 719
195 43319
195 210
195 108
195 44
195 20220
195 36845
195 1093
195 6365
195 27
195 38031
195 55162
195 28143
195 3565
195 163
195 1076
195 28923
195 15663
195 634
195 42406
195 446
195 34250
2349 50281
2349 55702
2349 5176
2349 250
2349 31546
2349 40
2349 7170
2349 143
2349 214
2349 10807
2349 17619
2349 51519
2349 2812
2349 49
2349 57544
2349 20898
2349 651
2349 50547
2349 212
2349 1302
2349 33135
2349 34032
2349 21058
2349 20153
2349 3245
2349 36
2349 833
2349 2896
2349 148
2349 6991
2349 146
2349 676
2349 1878
2349 47742
2349 102
2349 23181
2349 51703
2349 44266
2349 24817
2349 207
2349 24000
2349 209
2349 156
2349 11397
2349 55484
2349 6895
2349 10677
2349 176
2349 8506
2349 405
2349 719
2349 43319
2349 210
2349 108
2349 44
2349 20220
2349 36845
2349 1093
2349 6365
2349 27
2349 38031
2349 55162
2349 28143
2349 3565
2349 163
2349 1076
2349 28923
2349 15663
2349 634
2349 42406
2349 446
2349 34250
50281 55702
50281 5176
50281 250
50281 31546
50281 40
50281 7170
50281 143
50281 214
50281 10807
50281 17619
50281 51519
50281 2812
50281 49
50281 57544
50281 20898
50281 651
50281 50547
50281 212
50281 1302
50281 33135
50281 34032
50281 21058
50281 20153
50281 3245
50281 36
50281 833
50281 2896
50281 148
50281 6991
50281 146
50281 676
50281 1878
50281 47742
50281 102
50281 23181
50281 51703
50281 44266
50281 24817
50281 207
50281 24000
50281 209
50281 156
50281 11397
50281 55484
50281 6895
50281 10677
50281 176
50281 8506
50281 405
50281 719
50281 43319
50281 210
50281 108
50281 44
50281 20220
50281 36845
50281 1093
50281 6365
50281 27
50281 38031
50281 55162
50281 28143
50281 3565
50281 163
50281 1076
50281 28923
50281 15663
50281 634
50281 42406
50281 446
50281 34250
55702 5176
55702 250
55702 31546
55702 40
55702 7170
55702 143
55702 214
55702 10807
55702 17619
55702 51519
55702 2812
55702 49
55702 57544
55702 20898
55702 651
55702 50547
55702 212
55702 1302
55702 33135
55702 34032
55702 21058
55702 20153
55702 3245
55702 36
55702 833
55702 2896
55702 148
55702 6991
55702 146
55702 676
55702 1878
55702 47742
55702 102
55702 23181
55702 51703
55702 44266
55702 24817
55702 207
55702 24000
55702 209
55702 156
55702 11397
55702 55484
55702 6895
55702 10677
55702 176
55702 8506
55702 405
55702 719
55702 43319
55702 210
55702 108
55702 44
55702 20220
55702 36845
55702 1093
55702 6365
55702 27
55702 38031
55702 55162
55702 28143
55702 3565
55702 163
55702 1076
55702 28923
55702 15663
55702 634
55702 42406
55702 446
55702 34250
5176 250
5176 31546
5176 40
5176 7170
5176 143
5176 214
5176 10807
5176 17619
5176 51519
5176 2812
5176 49
5176 57544
5176 20898
5176 651
5176 50547
5176 212
5176 1302
5176 33135
5176 34032
5176 21058
5176 20153
5176 3245
5176 36
5176 833
5176 2896
5176 148
5176 6991
5176 146
5176 676
5176 1878
5176 47742
5176 102
5176 23181
5176 51703
5176 44266
5176 24817
5176 207
5176 24000
5176 209
5176 156
5176 11397
5176 55484
5176 6895
5176 10677
5176 176
5176 8506
5176 405
5176 719
5176 43319
5176 210
5176 108
5176 44
5176 20220
5176 36845
5176 1093
5176 6365
5176 27
5176 38031
5176 55162
5176 28143
5176 3565
5176 163
5176 1076
5176 28923
5176 15663
5176 634
5176 42406
5176 446
5176 34250
250 31546
250 40
250 7170
250 143
250 214
250 10807
250 17619
250 51519
250 2812
250 49
250 57544
250 20898
250 651
250 50547
250 212
250 1302
250 33135
250 34032
250 21058
250 20153
250 3245
250 36
250 833
250 2896
250 148
250 6991
250 146
250 676
250 1878
250 47742
250 102
250 23181
250 51703
250 44266
250 24817
250 207
250 24000
250 209
250 156
250 11397
250 55484
250 6895
250 10677
250 176
250 8506
250 405
250 719
250 43319
250 210
250 108
250 44
250 20220
250 36845
250 1093
250 6365
250 27
250 38031
250 55162
250 28143
250 3565
250 163
250 1076
250 28923
250 15663
250 634
250 42406
250 446
250 34250
31546 40
31546 7170
31546 143
31546 214
31546 10807
31546 17619
31546 51519
31546 2812
31546 49
31546 57544
31546 20898
31546 651
31546 50547
31546 212
31546 1302
31546 33135
31546 34032
31546 21058
31546 20153
31546 3245
31546 36
31546 833
31546 2896
31546 148
31546 6991
31546 146
31546 676
31546 1878
31546 47742
31546 102
31546 23181
31546 51703
31546 44266
31546 24817
31546 207
31546 24000
31546 209
31546 156
31546 11397
31546 55484
31546 6895
31546 10677
31546 176
31546 8506
31546 405
31546 719
31546 43319
31546 210
31546 108
31546 44
31546 20220
31546 36845
31546 1093
31546 6365
31546 27
31546 38031
31546 55162
31546 28143
31546 3565
31546 163
31546 1076
31546 28923
31546 15663
31546 634
31546 42406
31546 446
31546 34250
40 7170
40 143
40 214
40 10807
40 17619
40 51519
40 2812
40 49
40 57544
40 20898
40 651
40 50547
40 212
40 1302
40 33135
40 34032
40 21058
40 20153
40 3245
40 36
40 833
40 2896
40 148
40 6991
40 146
40 676
40 1878
40 47742
40 102
40 23181
40 51703
40 44266
40 24817
40 207
40 24000
40 209
40 156
40 11397
40 55484
40 6895
40 10677
40 176
40 8506
40 405
40 719
40 43319
40 210
40 108
40 44
40 20220
40 36845
40 1093
40 6365
40 27
40 38031
40 55162
40 28143
40 3565
40 163
40 1076
40 28923
40 15663
40 634
40 42406
40 446
40 34250
7170 143
7170 214
7170 10807
7170 17619
7170 51519
7170 2812
7170 49
7170 57544
7170 20898
7170 651
7170 50547
7170 212
7170 1302
7170 33135
7170 34032
7170 21058
7170 20153
7170 3245
7170 36
7170 833
7170 2896
7170 148
7170 6991
7170 146
7170 676
7170 1878
7170 47742
7170 102
7170 23181
7170 51703
7170 44266
7170 24817
7170 207
7170 24000
7170 209
7170 156
7170 11397
7170 55484
7170 6895
7170 10677
7170 176
7170 8506
7170 405
7170 719
7170 43319
7170 210
7170 108
7170 44
7170 20220
7170 36845
7170 1093
7170 6365
7170 27
7170 38031
7170 55162
7170 28143
7170 3565
7170 163
7170 1076
7170 28923
7170 15663
7170 634
7170 42406
7170 446
7170 34250
143 214
143 10807
143 17619
143 51519
143 2812
143 49
143 57544
143 20898
143 651
143 50547
143 212
143 1302
143 33135
143 34032
143 21058
143 20153
143 3245
143 36
143 833
143 2896
143 148
143 6991
143 146
143 676
143 1878
143 47742
143 102
143 23181
143 51703
143 44266
143 24817
143 207
143 24000
143 209
143 156
143 11397
143 55484
143 6895
143 10677
143 176
143 8506
143 405
143 719
143 43319
143 210
143 108
143 44
143 20220
143 36845
143 1093
143 6365
143 27
143 38031
143 55162
143 28143
143 3565
143 163
143 1076
143 28923
143 15663
143 634
143 42406
143 446
143 34250
214 10807
214 17619
214 51519
214 2812
214 49
214 57544
214 20898
214 651
214 50547
214 212
214 1302
214 33135
214 34032
214 21058
214 20153
214 3245
214 36
214 833
214 2896
214 148
214 6991
214 146
214 676
214 1878
214 47742
214 102
214 23181
214 51703
214 44266
214 24817
214 207
214 24000
214 209
214 156
214 11397
214 55484
214 6895
214 10677
214 176
214 8506
214 405
214 719
214 43319
214 210
214 108
214 44
214 20220
214 36845
214 1093
214 6365
214 27
214 38031
214 55162
214 28143
214 3565
214 163
214 1076
214 28923
214 15663
214 634
214 42406
214 446
214 34250
10807 17619
10807 51519
10807 2812
10807 49
10807 57544
10807 20898
10807 651
10807 50547
10807 212
10807 1302
10807 33135
10807 34032
10807 21058
10807 20153
10807 3245
10807 36
10807 833
10807 2896
10807 148
10807 6991
10807 146
10807 676
10807 1878
10807 47742
10807 102
10807 23181
10807 51703
10807 44266
10807 24817
10807 207
10807 24000
10807 209
10807 156
10807 11397
10807 55484
10807 6895
10807 10677
10807 176
10807 8506
10807 405
10807 719
10807 43319
10807 210
10807 108
10807 44
10807 20220
10807 36845
10807 1093
10807 6365
10807 27
10807 38031
10807 55162
10807 28143
10807 3565
10807 163
10807 1076
10807 28923
10807 15663
10807 634
10807 42406
10807 446
10807 34250
17619 51519
17619 2812
17619 49
17619 57544
17619 20898
17619 651
17619 50547
17619 212
17619 1302
17619 33135
17619 34032
17619 21058
17619 20153
17619 3245
17619 36
17619 833
17619 2896
17619 148
17619 6991
17619 146
17619 676
17619 1878
17619 47742
17619 102
17619 23181
17619 51703
17619 44266
17619 24817
17619 207
17619 24000
17619 209
17619 156
17619 11397
17619 55484
17619 6895
17619 10677
17619 176
17619 8506
17619 405
17619 719
17619 43319
17619 210
17619 108
17619 44
17619 20220
17619 36845
17619 1093
17619 6365
17619 27
17619 38031
17619 55162
17619 28143
17619 3565
17619 163
17619 1076
17619 28923
17619 15663
17619 634
17619 42406
17619 446
17619 34250
51519 2812
51519 49
51519 57544
51519 20898
51519 651
51519 50547
51519 212
51519 1302
51519 33135
51519 34032
51519 21058
51519 20153
51519 3245
51519 36
51519 833
51519 2896
51519 148
51519 6991
51519 146
51519 676
51519 1878
51519 47742
51519 102
51519 23181
51519 51703
51519 44266
51519 24817
51519 207
51519 24000
51519 209
51519 156
51519 11397
51519 55484
51519 6895
51519 10677
51519 176
51519 8506
51519 405
51519 719
51519 43319
51519 210
51519 108
51519 44
51519 20220
51519 36845
51519 1093
51519 6365
51519 27
51519 38031
51519 55162
51519 28143
51519 3565
51519 163
51519 1076
51519 28923
51519 15663
51519 634
51519 42406
51519 446
51519 34250
2812 49
2812 57544
2812 20898
2812 651
2812 50547
2812 212
2812 1302
2812 33135
2812 34032
2812 21058
2812 20153
2812 3245
2812 36
2812 833
2812 2896
2812 148
2812 6991
2812 146
2812 676
2812 1878
2812 47742
2812 102
2812 23181
2812 51703
2812 44266
2812 24817
2812 207
2812 24000
2812 209
2812 156
2812 11397
2812 55484
2812 6895
2812 10677
2812 176
2812 8506
2812 405
2812 719
2812 43319
2812 210
2812 108
2812 44
2812 20220
2812 36845
2812 1093
2812 6365
2812 27
2812 38031
2812 55162
2812 28143
2812 3565
2812 163
2812 1076
2812 28923
2812 15663
2812 634
2812 42406
2812 446
2812 34250
49 57544
49 20898
49 651
49 50547
49 212
49 1302
49 33135
49 34032
49 21058
49 20153
49 3245
49 36
49 833
49 2896
49 148
49 6991
49 146
49 676
49 1878
49 47742
49 102
49 23181
49 51703
49 44266
49 24817
49 207
49 24000
49 209
49 156
49 11397
49 55484
49 6895
49 10677
49 176
49 8506
49 405
49 719
49 43319
49 210
49 108
49 44
49 20220
49 36845
49 1093
49 6365
49 27
49 38031
49 55162
49 28143
49 3565
49 163
49 1076
49 28923
49 15663
49 634
49 42406
49 446
49 34250
57544 20898
57544 651
57544 50547
57544 212
57544 1302
57544 33135
57544 34032
57544 21058
57544 20153
57544 3245
57544 36
57544 833
57544 2896
57544 148
57544 6991
57544 146
57544 676
57544 1878
57544 47742
57544 102
57544 23181
57544 51703
57544 44266
57544 24817
57544 207
57544 24000
57544 209
57544 156
57544 11397
57544 55484
57544 6895
57544 10677
57544 176
57544 8506
57544 405
57544 719
57544 43319
57544 210
57544 108
57544 44
57544 20220
57544 36845
57544 1093
57544 6365
57544 27
57544 38031
57544 55162
57544 28143
57544 3565
57544 163
57544 1076
57544 28923
57544 15663
57544 634
57544 42406
57544 446
57544 34250
20898 651
20898 50547
20898 212
20898 1302
20898 33135
20898 34032
20898 21058
20898 20153
20898 3245
20898 36
20898 833
20898 2896
20898 148
20898 6991
20898 146
20898 676
20898 1878
20898 47742
20898 102
20898 23181
20898 51703
20898 44266
20898 24817
20898 207
20898 24000
20898 209
20898 156
20898 11397
20898 55484
20898 6895
20898 10677
20898 176
20898 8506
20898 405
20898 719
20898 43319
20898 210
20898 108
20898 44
20898 20220
20898 36845
20898 1093
20898 6365
20898 27
20898 38031
20898 55162
20898 28143
20898 3565
20898 163
20898 1076
20898 28923
20898 15663
20898 634
20898 42406
20898 446
20898 34250
651 50547
651 212
651 1302
651 33135
651 34032
651 21058
651 20153
651 3245
651 36
651 833
651 2896
651 148
651 6991
651 146
651 676
651 1878
651 47742
651 102
651 23181
651 51703
651 44266
651 24817
651 207
651 24000
651 209
651 156
651 11397
651 55484
651 6895
651 10677
651 176
651 8506
651 405
651 719
651 43319
651 210
651 108
651 44
651 20220
651 36845
651 1093
651 6365
651 27
651 38031
651 55162
651 28143
651 3565
651 163
651 1076
651 28923
651 15663
651 634
651 42406
651 446
651 34250
50547 212
50547 1302
50547 33135
50547 34032
50547 21058
50547 20153
50547 3245
50547 36
50547 833
50547 2896
50547 148
50547 6991
50547 146
50547 676
50547 1878
50547 47742
50547 102
50547 23181
50547 51703
50547 44266
50547 24817
50547 207
50547 24000
50547 209
50547 156
50547 11397
50547 55484
50547 6895
50547 10677
50547 176
50547 8506
50547 405
50547 719
50547 43319
50547 210
50547 108
50547 44
50547 20220
50547 36845
50547 1093
50547 6365
50547 27
50547 38031
50547 55162
50547 28143
50547 3565
50547 163
50547 1076
50547 28923
50547 15663
50547 634
50547 42406
50547 446
50547 34250
212 1302
212 33135
212 34032
212 21058
212 20153
212 3245
212 36
212 833
212 2896
212 148
212 6991
212 146
212 676
212 1878
212 47742
212 102
212 23181
212 51703
212 44266
212 24817
212 207
212 24000
212 209
212 156
212 11397
212 55484
212 6895
212 10677
212 176
212 8506
212 405
212 719
212 43319
212 210
212 108
212 44
212 20220
212 36845
212 1093
212 6365
212 27
212 38031
212 55162
212 28143
212 3565
212 163
212 1076
212 28923
212 15663
212 634
212 42406
212 446
212 34250
1302 33135
1302 34032
1302 21058
1302 20153
1302 3245
1302 36
1302 833
1302 2896
1302 148
1302 6991
1302 146
1302 676
1302 1878
1302 47742
1302 102
1302 23181
1302 51703
1302 44266
1302 24817
1302 207
1302 24000
1302 209
1302 156
1302 11397
1302 55484
1302 6895
1302 10677
1302 176
1302 8506
1302 405
1302 719
1302 43319
1302 210
1302 108
1302 44
1302 20220
1302 36845
1302 1093
1302 6365
1302 27
1302 38031
1302 55162
1302 28143
1302 3565
1302 163
1302 1076
1302 28923
1302 15663
1302 634
1302 42406
1302 446
1302 34250
33135 34032
33135 21058
33135 20153
33135 3245
33135 36
33135 833
33135 2896
33135 148
33135 6991
33135 146
33135 676
33135 1878
33135 47742
33135 102
33135 23181
33135 51703
33135 44266
33135 24817
33135 207
33135 24000
33135 209
33135 156
33135 11397
33135 55484
33135 6895
33135 10677
33135 176
33135 8506
33135 405
33135 719
33135 43319
33135 210
33135 108
33135 44
33135 20220
33135 36845
33135 1093
33135 6365
33135 27
33135 38031
33135 55162
33135 28143
33135 3565
33135 163
33135 1076
33135 28923
33135 15663
33135 634
33135 42406
33135 446
33135 34250
34032 21058
34032 20153
34032 3245
34032 36
34032 833
34032 2896
34032 148
34032 6991
34032 146
34032 676
34032 1878
34032 47742
34032 102
34032 23181
34032 51703
34032 44266
34032 24817
34032 207
34032 24000
34032 209
34032 156
34032 11397
34032 55484
34032 6895
34032 10677
34032 176
34032 8506
34032 405
34032 719
34032 43319
34032 210
34032 108
34032 44
34032 20220
34032 36845
34032 1093
34032 6365
34032 27
34032 38031
34032 55162
34032 28143
34032 3565
34032 163
34032 1076
34032 28923
34032 15663
34032 634
34032 42406
34032 446
34032 34250
21058 20153
21058 3245
21058 36
21058 833
21058 2896
21058 148
21058 6991
21058 146
21058 676
21058 1878
21058 47742
21058 102
21058 23181
21058 51703
21058 44266
21058 24817
21058 207
21058 24000
21058 209
21058 156
21058 11397
21058 55484
21058 6895
21058 10677
21058 176
21058 8506
21058 405
21058 719
21058 43319
21058 210
21058 108
21058 44
21058 20220
21058 36845
21058 1093
21058 6365
21058 27
21058 38031
21058 55162
21058 28143
21058 3565
21058 163
21058 1076
21058 28923
21058 15663
21058 634
21058 42406
21058 446
21058 34250
20153 3245
20153 36
20153 833
20153 2896
20153 148
20153 6991
20153 146
20153 676
20153 1878
20153 47742
20153 102
20153 23181
20153 51703
20153 44266
20153 24817
20153 207
20153 24000
20153 209
20153 156
20153 11397
20153 55484
20153 6895
20153 10677
20153 176
20153 8506
20153 405
20153 719
20153 43319
20153 210
20153 108
20153 44
20153 20220
20153 36845
20153 1093
20153 6365
20153 27
20153 38031
20153 55162
20153 28143
20153 3565
20153 163
20153 1076
20153 28923
20153 15663
20153 634
20153 42406
20153 446
20153 34250
3245 36
3245 833
3245 2896
3245 148
3245 6991
3245 146
3245 676
3245 1878
3245 47742
3245 102
3245 23181
3245 51703
3245 44266
3245 24817
3245 207
3245 24000
3245 209
3245 156
3245 11397
3245 55484
3245 6895
3245 10677
3245 176
3245 8506
3245 405
3245 719
3245 43319
3245 210
3245 108
3245 44
3245 20220
3245 36845
3245 1093
3245 6365
3245 27
3245 38031
3245 55162
3245 28143
3245 3565
3245 163
3245 1076
3245 28923
3245 15663
3245 634
3245 42406
3245 446
3245 34250
36 833
36 2896
36 148
36 6991
36 146
36 676
36 1878
36 47742
36 102
36 23181
36 51703
36 44266
36 24817
36 207
36 24000
36 209
36 156
36 11397
36 55484
36 6895
36 10677
36 176
36 8506
36 405
36 719
36 43319
36 210
36 108
36 44
36 20220
36 36845
36 1093
36 6365
36 27
36 38031
36 55162
36 28143
36 3565
36 163
36 1076
36 28923
36 15663
36 634
36 42406
36 446
36 34250
833 2896
833 148
833 6991
833 146
833 676
833 1878
833 47742
833 102
833 23181
833 51703
833 44266
833 24817
833 207
833 24000
833 209
833 156
833 11397
833 55484
833 6895
833 10677
833 176
833 8506
833 405
833 719
833 43319
833 210
833 108
833 44
833 20220
833 36845
833 1093
833 6365
833 27
833 38031
833 55162
833 28143
833 3565
833 163
833 1076
833 28923
833 15663
833 634
833 42406
833 446
833 34250
2896 148
2896 6991
2896 146
2896 676
2896 1878
2896 47742
2896 102
2896 23181
2896 51703
2896 44266
2896 24817
2896 207
2896 24000
2896 209
2896 156
2896 11397
2896 55484
2896 6895
2896 10677
2896 176
2896 8506
2896 405
2896 719
2896 43319
2896 210
2896 108
2896 44
2896 20220
2896 36845
2896 1093
2896 6365
2896 27
2896 38031
2896 55162
2896 28143
2896 3565
2896 163
2896 1076
2896 28923
2896 15663
2896 634
2896 42406
2896 446
2896 34250
148 6991
148 146
148 676
148 1878
148 47742
148 102
148 23181
148 51703
148 44266
148 24817
148 207
148 24000
148 209
148 156
148 11397
148 55484
148 6895
148 10677
148 176
148 8506
148 405
148 719
148 43319
148 210
148 108
148 44
148 20220
148 36845
148 1093
148 6365
148 27
148 38031
148 55162
148 28143
148 3565
148 163
148 1076
148 28923
148 15663
148 634
148 42406
148 446
148 34250
6991 146
6991 676
6991 1878
6991 47742
6991 102
6991 23181
6991 51703
6991 44266
6991 24817
6991 207
6991 24000
6991 209
6991 156
6991 11397
6991 55484
6991 6895
6991 10677
6991 176
6991 8506
6991 405
6991 719
6991 43319
6991 210
6991 108
6991 44
6991 20220
6991 36845
6991 1093
6991 6365
6991 27
6991 38031
6991 55162
6991 28143
6991 3565
6991 163
6991 1076
6991 28923
6991 15663
6991 634
6991 42406
6991 446
6991 34250
146 676
146 1878
146 47742
146 102
146 23181
146 51703
146 44266
146 24817
146 207
146 24000
146 209
146 156
146 11397
146 55484
146 6895
146 10677
146 176
146 8506
146 405
146 719
146 43319
146 210
146 108
146 44
146 20220
146 36845
146 1093
146 6365
146 27
146 38031
146 55162
146 28143
146 3565
146 163
146 1076
146 28923
146 15663
146 634
146 42406
146 446
146 34250
676 1878
676 47742
676 102
676 23181
676 51703
676 44266
676 24817
676 207
676 24000
676 209
676 156
676 11397
676 55484
676 6895
676 10677
676 176
676 8506
676 405
676 719
676 43319
676 210
676 108
676 44
676 20220
676 36845
676 1093
676 6365
676 27
676 38031
676 55162
676 28143
676 3565
676 163
676 1076
676 28923
676 15663
676 634
676 42406
676 446
676 34250
1878 47742
1878 102
1878 23181
1878 51703
1878 44266
1878 24817
1878 207
1878 24000
1878 209
1878 156
1878 11397
1878 55484
1878 6895
1878 10677
1878 176
1878 8506
1878 405
1878 719
1878 43319
1878 210
1878 108
1878 44
1878 20220
1878 36845
1878 1093
1878 6365
1878 27
1878 38031
1878 55162
1878 28143
1878 3565
1878 163
1878 1076
1878 28923
1878 15663
1878 634
1878 42406
1878 446
1878 34250
47742 102
47742 23181
47742 51703
47742 44266
47742 24817
47742 207
47742 24000
47742 209
47742 156
47742 11397
47742 55484
47742 6895
47742 10677
47742 176
47742 8506
47742 405
47742 719
47742 43319
47742 210
47742 108
47742 44
47742 20220
47742 36845
47742 1093
47742 6365
47742 27
47742 38031
47742 55162
47742 28143
47742 3565
47742 163
47742 1076
47742 28923
47742 15663
47742 634
47742 42406
47742 446
47742 34250
102 23181
102 51703
102 44266
102 24817
102 207
102 24000
102 209
102 156
102 11397
102 55484
102 6895
102 10677
102 176
102 8506
102 405
102 719
102 43319
102 210
102 108
102 44
102 20220
102 36845
102 1093
102 6365
102 27
102 38031
102 55162
102 28143
102 3565
102 163
102 1076
102 28923
102 15663
102 634
102 42406
102 446
102 34250
23181 51703
23181 44266
23181 24817
23181 207
23181 24000
23181 209
23181 156
23181 11397
23181 55484
23181 6895
23181 10677
23181 176
23181 8506
23181 405
23181 719
23181 43319
23181 210
23181 108
23181 44
23181 20220
23181 36845
23181 1093
23181 6365
23181 27
23181 38031
23181 55162
23181 28143
23181 3565
23181 163
23181 1076
23181 28923
23181 15663
23181 634
23181 42406
23181 446
23181 34250
51703 44266
51703 24817
51703 207
51703 24000
51703 209
51703 156
51703 11397
51703 55484
51703 6895
51703 10677
51703 176
51703 8506
51703 405
51703 719
51703 43319
51703 210
51703 108
51703 44
51703 20220
51703 36845
51703 1093
51703 6365
51703 27
51703 38031
51703 55162
51703 28143
51703 3565
51703 163
51703 1076
51703 28923
51703 15663
51703 634
51703 42406
51703 446
51703 34250
44266 24817
44266 207
44266 24000
44266 209
44266 156
44266 11397
44266 55484
44266 6895
44266 10677
44266 176
44266 8506
44266 405
44266 719
44266 43319
44266 210
44266 108
44266 44
44266 20220
44266 36845
44266 1093
44266 6365
44266 27
44266 38031
44266 55162
44266 28143
44266 3565
44266 163
44266 1076
44266 28923
44266 15663
44266 634
44266 42406
44266 446
44266 34250
24817 207
24817 24000
24817 209
24817 156
24817 11397
24817 55484
24817 6895
24817 10677
24817 176
24817 8506
24817 405
24817 719
24817 43319
24817 210
24817 108
24817 44
24817 20220
24817 36845
24817 1093
24817 6365
24817 27
24817 38031
24817 55162
24817 28143
24817 3565
24817 163
24817 1076
24817 28923
24817 15663
24817 634
24817 42406
24817 446
24817 34250
207 24000
207 209
207 156
207 11397
207 55484
207 6895
207 10677
207 176
207 8506
207 405
207 719
207 43319
207 210
207 108
207 44
207 20220
207 36845
207 1093
207 6365
207 27
207 38031
207 55162
207 28143
207 3565
207 163
207 1076
207 28923
207 15663
207 634
207 42406
207 446
207 34250
24000 209
24000 156
24000 11397
24000 55484
24000 6895
24000 10677
24000 176
24000 8506
24000 405
24000 719
24000 43319
24000 210
24000 108
24000 44
24000 20220
24000 36845
24000 1093
24000 6365
24000 27
24000 38031
24000 55162
24000 28143
24000 3565
24000 163
24000 1076
24000 28923
24000 15663
24000 634
24000 42406
24000 446
24000 34250
209 156
209 11397
209 55484
209 6895
209 10677
209 176
209 8506
209 405
209 719
209 43319
209 210
209 108
209 44
209 20220
209 36845
209 1093
209 6365
209 27
209 38031
209 55162
209 28143
209 3565
209 163
209 1076
209 28923
209 15663
209 634
209 42406
209 446
209 34250
156 11397
156 55484
156 6895
156 10677
156 176
156 8506
156 405
156 719
156 43319
156 210
156 108
156 44
156 20220
156 36845
156 1093
156 6365
156 27
156 38031
156 55162
156 28143
156 3565
156 163
156 1076
156 28923
156 15663
156 634
156 42406
156 446
156 34250
11397 55484
11397 6895
11397 10677
11397 176
11397 8506
11397 405
11397 719
11397 43319
11397 210
11397 108
11397 44
11397 20220
11397 36845
11397 1093
11397 6365
11397 27
11397 38031
11397 55162
11397 28143
11397 3565
11397 163
11397 1076
11397 28923
11397 15663
11397 634
11397 42406
11397 446
11397 34250
55484 6895
55484 10677
55484 176
55484 8506
55484 405
55484 719
55484 43319
55484 210
55484 108
55484 44
55484 20220
55484 36845
55484 1093
55484 6365
55484 27
55484 38031
55484 55162
55484 28143
55484 3565
55484 163
55484 1076
55484 28923
55484 15663
55484 634
55484 42406
55484 446
55484 34250
6895 10677
6895 176
6895 8506
6895 405
6895 719
6895 43319
6895 210
6895 108
6895 44
6895 20220
6895 36845
6895 1093
6895 6365
6895 27
6895 38031
6895 55162
6895 28143
6895 3565
6895 163
6895 1076
6895 28923
6895 15663
6895 634
6895 42406
6895 446
6895 34250
10677 176
10677 8506
10677 405
10677 719
10677 43319
10677 210
10677 108
10677 44
10677 20220
10677 36845
10677 1093
10677 6365
10677 27
10677 38031
10677 55162
10677 28143
10677 3565
10677 163
10677 1076
10677 28923
10677 15663
10677 634
10677 42406
10677 446
10677 34250
176 8506
176 405
176 719
176 43319
176 210
176 108
176 44
176 20220
176 36845
176 1093
176 6365
176 27
176 38031
176 55162
176 28143
176 3565
176 163
176 1076
176 28923
176 15663
176 634
176 42406
176 446
176 34250
8506 405
8506 719
8506 43319
8506 210
8506 108
8506 44
8506 20220
8506 36845
8506 1093
8506 6365
8506 27
8506 38031
8506 55162
8506 28143
8506 3565
8506 163
8506 1076
8506 28923
8506 15663
8506 634
8506 42406
8506 446
8506 34250
405 719
405 43319
405 210
405 108
405 44
405 20220
405 36845
405 1093
405 6365
405 27
405 38031
405 55162
405 28143
405 3565
405 163
405 1076
405 28923
405 15663
405 634
405 42406
405 446
405 34250
719 43319
719 210
719 108
719 44
719 20220
719 36845
719 1093
719 6365
719 27
719 38031
719 55162
719 28143
719 3565
719 163
719 1076
719 28923
719 15663
719 634
719 42406
719 446
719 34250
43319 210
43319 108
43319 44
43319 20220
43319 36845
43319 1093
43319 6365
43319 27
43319 38031
43319 55162
43319 28143
43319 3565
43319 163
43319 1076
43319 28923
43319 15663
43319 634
43319 42406
43319 446
43319 34250
210 108
210 44
210 20220
210 36845
210 1093
210 6365
210 27
210 38031
210 55162
210 28143
210 3565
210 163
210 1076
210 28923
210 15663
210 634
210 42406
210 446
210 34250
108 44
108 20220
108 36845
108 1093
108 6365
108 27
108 38031
108 55162
108 28143
108 3565
108 163
108 1076
108 28923
108 15663
108 634
108 42406
108 446
108 34250
44 20220
44 36845
44 1093
44 6365
44 27
44 38031
44 55162
44 28143
44 3565
44 163
44 1076
44 28923
44 15663
44 634
44 42406
44 446
44 34250
20220 36845
20220 1093
20220 6365
20220 27
20220 38031
20220 55162
20220 28143
20220 3565
20220 163
20220 1076
20220 28923
20220 15663
20220 634
20220 42406
20220 446
20220 34250
36845 1093
36845 6365
36845 27
36845 38031
36845 55162
36845 28143
36845 3565
36845 163
36845 1076
36845 28923
36845 15663
36845 634
36845 42406
36845 446
36845 34250
1093 6365
1093 27
1093 38031
1093 55162
1093 28143
1093 3565
1093 163
1093 1076
1093 28923
1093 15663
1093 634
1093 42406
1093 446
1093 34250
6365 27
6365 38031
6365 55162
6365 28143
6365 3565
6365 163
6365 1076
6365 28923
6365 15663
6365 634
6365 42406
6365 446
6365 34250
27 38031
27 55162
27 28143
27 3565
27 163
27 1076
27 28923
27 15663
27 634
27 42406
27 446
27 34250
38031 55162
38031 28143
38031 3565
38031 163
38031 1076
38031 28923
38031 15663
38031 634
38031 42406
38031 446
38031 34250
55162 28143
55162 3565
55162 163
55162 1076
55162 28923
55162 15663
55162 634
55162 42406
55162 446
55162 34250
28143 3565
28143 163
28143 1076
28143 28923
28143 15663
28143 634
28143 42406
28143 446
28143 34250
3565 163
3565 1076
3565 28923
3565 15663
3565 634
3565 42406
3565 446
3565 34250
163 1076
163 28923
163 15663
163 634
163 42406
163 446
163 34250
1076 28923
1076 15663
1076 634
1076 42406
1076 446
1076 34250
28923 15663
28923 634
28923 42406
28923 446
28923 34250
15663 634
15663 42406
15663 446
15663 34250
634 42406
634 446
634 34250
42406 446
42406 34250
446 34250
